A B C D E F G H I J K L M N O P Q R S T U V W X Y Z a b c d e f g h i j k l m n o p q r s t u v w x y z 0 1 2 3 4 5 6 7 8 9
83
81
1 1 1 1 1 1 1 1 1 1 1 1 1 1 1 1 1 1 1 1 1 1 1 1 1 1 1 1 1 1 1 1 1 1 1 1 1 1 1 1 1 1 1 1 1 1 1 1 1 1 1 1 82 82 82 82 82 82 82 82 82 82
2 82 82 82 2 82 82 82 2 82 82 82 82 82 2 82 82 82 82 82 2 82 82 82 82 82 2 82 82 82 2 82 82 82 2 82 82 82 82 82 2 82 82 82 82 82 2 82 82 82 82 82 82 82 82 82 82 82 82 82 82 82
3 3 3 3 3 3 3 3 3 3 3 3 3 3 3 3 3 3 3 3 3 3 3 3 3 3 3 3 3 3 3 3 3 3 3 3 3 3 3 3 3 3 3 3 3 3 3 3 3 3 3 3 82 82 82 82 82 82 82 82 82 82
4 4 4 4 4 4 4 4 4 4 4 4 4 4 4 4 4 4 4 4 4 4 4 4 4 4 4 4 4 4 4 4 4 4 4 4 4 4 4 4 4 4 4 4 4 4 4 4 4 4 4 4 82 82 82 82 82 82 82 82 82 82
82 82 82 82 82 82 82 82 82 82 82 82 82 82 82 82 82 82 82 82 82 82 82 82 82 82 82 82 82 82 82 82 82 82 82 82 82 82 82 82 82 82 82 82 82 82 82 82 82 82 82 82 5 5 5 5 5 5 5 5 5 5
82 82 82 82 82 82 82 82 82 82 82 82 82 82 82 82 82 82 82 82 82 82 82 82 82 82 82 82 82 82 82 82 82 82 82 82 82 82 82 82 82 82 82 82 82 82 82 82 82 82 82 82 6 6 6 6 6 6 6 6 6 6
82 82 82 82 82 82 82 82 82 82 82 82 82 82 82 82 82 82 82 82 82 82 82 82 82 82 82 82 82 82 82 82 82 82 82 82 82 82 82 82 82 82 82 82 82 82 82 82 82 82 82 82 7 8 82 82 82 82 82 82 82 82
82 82 82 82 82 82 82 82 82 82 82 82 82 82 82 82 82 82 82 82 82 82 82 82 82 82 82 82 82 82 82 82 82 82 82 82 82 82 82 82 82 82 82 82 82 82 82 82 82 82 82 82 82 9 11 9 10 9 10 9 9 10
82 82 82 82 82 82 82 82 82 82 82 82 82 82 82 82 82 82 82 82 82 82 82 82 82 82 82 82 82 82 82 82 82 82 82 82 82 82 82 82 82 82 82 82 82 82 82 82 82 82 82 82 9 10 9 82 82 82 82 82 82 82
82 82 82 82 82 82 82 82 82 82 82 82 82 82 82 82 82 82 82 82 82 82 82 82 82 82 82 82 82 82 82 82 82 82 82 82 82 82 82 82 82 82 82 82 82 82 82 82 82 82 82 82 12 14 14 16 82 82 82 82 82 82
82 82 82 82 82 82 82 82 82 82 82 82 82 82 82 82 82 82 82 82 82 82 82 82 82 82 82 82 82 82 82 82 82 82 82 82 82 82 82 82 82 82 82 82 82 82 82 82 82 82 82 82 18 20 20 22 82 82 82 82 82 82
82 82 82 82 82 82 82 82 82 82 82 82 82 82 82 82 82 82 82 82 82 82 82 82 82 82 82 82 82 82 82 82 82 82 82 82 82 82 82 82 82 82 82 82 82 82 82 82 82 82 82 82 24 26 26 82 82 82 82 82 82 82
82 82 82 82 82 82 82 82 82 82 82 82 82 82 82 82 82 82 82 82 82 82 82 82 82 82 82 82 82 82 82 82 82 82 82 82 82 82 82 82 82 82 82 82 82 82 82 82 82 82 82 82 82 13 13 13 13 13 13 13 13 13
82 82 82 82 82 82 82 28 82 82 82 82 28 82 82 82 82 82 82 82 82 82 82 82 82 82 82 82 82 82 82 82 82 28 82 82 82 82 28 82 82 82 82 82 82 82 82 82 82 82 82 82 82 82 82 82 82 82 82 82 82 82
82 82 82 82 82 82 82 82 82 82 82 82 82 82 82 82 82 82 82 82 82 82 82 82 82 82 82 82 82 82 82 82 82 82 82 82 82 82 82 82 82 82 82 82 82 82 82 82 82 82 82 82 15 15 15 15 15 15 15 15 15 15
82 82 82 82 82 82 82 28 82 82 82 82 28 82 82 82 82 82 82 82 82 82 82 82 82 82 82 82 82 82 82 82 82 28 82 82 82 82 28 82 82 82 82 82 82 82 82 82 82 82 82 82 82 82 82 82 82 82 82 82 82 82
82 82 82 82 82 82 82 82 82 82 82 82 82 82 82 82 82 82 82 82 82 82 82 82 82 82 82 82 82 82 82 82 82 82 82 82 82 82 82 82 82 82 82 82 82 82 82 82 82 82 82 82 17 17 82 82 82 82 82 82 82 82
82 82 82 82 82 82 82 28 82 82 82 82 28 82 82 82 82 82 82 82 82 82 82 82 82 82 82 82 82 82 82 82 82 28 82 82 82 82 28 82 82 82 82 82 82 82 82 82 82 82 82 82 82 82 82 82 82 82 82 82 82 82
82 82 82 82 82 82 82 82 82 82 82 82 82 82 82 82 82 82 82 82 82 82 82 82 82 82 82 82 82 82 82 82 82 82 82 82 82 82 82 82 82 82 82 82 82 82 82 82 82 82 82 82 82 19 19 19 19 19 19 19 19 19
82 82 82 82 82 82 82 28 82 82 82 82 28 82 82 82 82 82 82 82 82 82 82 82 82 82 82 82 82 82 82 82 82 28 82 82 82 82 28 82 82 82 82 82 82 82 82 82 82 82 82 82 82 82 82 82 82 82 82 82 82 82
82 82 82 82 82 82 82 82 82 82 82 82 82 82 82 82 82 82 82 82 82 82 82 82 82 82 82 82 82 82 82 82 82 82 82 82 82 82 82 82 82 82 82 82 82 82 82 82 82 82 82 82 21 21 21 21 21 21 21 21 21 21
82 82 82 82 82 82 82 28 82 82 82 82 28 82 82 82 82 82 82 82 82 82 82 82 82 82 82 82 82 82 82 82 82 28 82 82 82 82 28 82 82 82 82 82 82 82 82 82 82 82 82 82 82 82 82 82 82 82 82 82 82 82
82 82 82 82 82 82 82 82 82 82 82 82 82 82 82 82 82 82 82 82 82 82 82 82 82 82 82 82 82 82 82 82 82 82 82 82 82 82 82 82 82 82 82 82 82 82 82 82 82 82 82 82 23 82 82 82 82 82 82 82 82 82
82 82 82 82 82 82 82 28 82 82 82 82 28 82 82 82 82 82 82 82 82 82 82 82 82 82 82 82 82 82 82 82 82 28 82 82 82 82 28 82 82 82 82 82 82 82 82 82 82 82 82 82 82 82 82 82 82 82 82 82 82 82
82 82 82 82 82 82 82 82 82 82 82 82 82 82 82 82 82 82 82 82 82 82 82 82 82 82 82 82 82 82 82 82 82 82 82 82 82 82 82 82 82 82 82 82 82 82 82 82 82 82 82 82 82 25 25 25 25 25 25 25 25 25
82 82 82 82 82 82 82 28 82 82 82 82 28 82 82 82 82 82 82 82 82 82 82 82 82 82 82 82 82 82 82 82 82 28 82 82 82 82 28 82 82 82 82 82 82 82 82 82 82 82 82 82 82 82 82 82 82 82 82 82 82 82
82 82 82 82 82 82 82 82 82 82 82 82 82 82 82 82 82 82 82 82 82 82 82 82 82 82 82 82 82 82 82 82 82 82 82 82 82 82 82 82 82 82 82 82 82 82 82 82 82 82 82 82 27 27 27 27 27 27 27 27 27 27
82 82 82 82 82 82 82 28 82 82 82 82 28 82 82 82 82 82 82 82 82 82 82 82 82 82 82 82 82 82 82 82 82 28 82 82 82 82 28 82 82 82 82 82 82 82 82 82 82 82 82 82 82 82 82 82 82 82 82 82 82 82
29 30 31 32 82 82 33 34 82 35 82 82 36 37 38 39 40 82 41 42 82 43 82 82 44 45 29 30 31 32 82 82 33 34 82 35 82 82 36 37 38 39 40 82 41 42 82 43 82 82 44 45 82 82 82 82 82 82 82 82 82 82
82 82 82 82 82 82 82 82 82 82 82 82 82 82 82 82 82 82 46 82 82 82 82 82 82 82 82 82 82 82 82 82 82 82 82 82 82 82 82 82 82 82 82 82 46 82 82 82 82 82 82 82 82 82 82 82 82 82 82 82 82 82
82 82 47 82 82 82 82 82 82 82 82 82 82 82 82 82 82 82 48 82 82 82 82 82 82 82 82 82 47 82 82 82 82 82 82 82 82 82 82 82 82 82 82 82 48 82 82 82 82 82 82 82 82 82 82 82 82 82 82 82 82 82
82 82 49 82 82 82 82 50 82 82 82 52 53 82 82 82 82 82 51 82 82 82 82 82 82 82 82 82 49 82 82 82 82 50 82 82 82 52 53 82 82 82 82 82 51 82 82 82 82 82 82 82 82 82 82 82 82 82 82 82 82 82
82 82 82 82 82 54 55 82 82 82 82 82 82 82 82 82 82 82 82 82 82 82 82 82 82 82 82 82 82 82 82 54 55 82 82 82 82 82 82 82 82 82 82 82 82 82 82 82 82 82 82 82 82 82 82 82 82 82 82 82 82 82
82 82 82 82 82 82 82 82 82 82 82 82 82 82 82 82 82 57 82 56 82 82 82 82 82 82 82 82 82 82 82 82 82 82 82 82 82 82 82 82 82 82 82 57 82 56 82 82 82 82 82 82 82 82 82 82 82 82 82 82 82 82
82 82 82 82 82 82 58 82 82 82 82 82 82 82 82 82 82 82 82 82 82 82 82 82 82 82 82 82 82 82 82 82 58 82 82 82 82 82 82 82 82 82 82 82 82 82 82 82 82 82 82 82 82 82 82 82 82 82 82 82 82 82
82 82 59 82 82 82 82 82 82 82 82 82 82 82 82 82 82 82 82 82 82 82 82 82 82 82 82 82 59 82 82 82 82 82 82 82 82 82 82 82 82 82 82 82 82 82 82 82 82 82 82 82 82 82 82 82 82 82 82 82 82 82
82 82 60 82 82 82 82 82 82 82 82 82 82 61 82 82 82 82 62 82 82 82 82 82 82 82 82 82 60 82 82 82 82 82 82 82 82 82 82 61 82 82 82 82 62 82 82 82 82 82 82 82 82 82 82 82 82 82 82 82 82 82
82 82 82 82 82 82 82 82 82 82 82 64 82 82 82 82 82 82 82 63 82 82 82 82 82 82 82 82 82 82 82 82 82 82 82 82 82 64 82 82 82 82 82 82 82 63 82 82 82 82 82 82 82 82 82 82 82 82 82 82 82 82
82 82 65 82 82 82 82 82 82 82 82 82 82 82 82 82 82 82 82 82 82 82 82 82 82 82 82 82 65 82 82 82 82 82 82 82 82 82 82 82 82 82 82 82 82 82 82 82 82 82 82 82 82 82 82 82 82 82 82 82 82 82
82 82 82 82 82 82 82 82 82 82 82 66 82 82 82 82 82 82 82 82 82 82 82 82 82 82 82 82 82 82 82 82 82 82 82 82 82 66 82 82 82 82 82 82 82 82 82 82 82 82 82 82 82 82 82 82 82 82 82 82 82 82
82 82 82 82 82 82 82 82 82 82 82 82 82 82 67 82 82 68 82 82 82 82 82 82 82 82 82 82 82 82 82 82 82 82 82 82 82 82 82 82 67 82 82 68 82 82 82 82 82 82 82 82 82 82 82 82 82 82 82 82 82 82
82 82 82 82 82 82 82 82 82 82 82 70 82 82 82 69 82 71 82 82 82 82 82 82 82 82 82 82 82 82 82 82 82 82 82 82 82 70 82 82 82 69 82 71 82 82 82 82 82 82 82 82 82 82 82 82 82 82 82 82 82 82
82 82 71 82 82 82 82 82 82 82 82 73 82 82 82 82 82 82 72 82 82 82 82 82 82 82 82 82 71 82 82 82 82 82 82 82 82 73 82 82 82 82 82 82 72 82 82 82 82 82 82 82 82 82 82 82 82 82 82 82 82 82
82 82 82 82 82 82 82 82 82 82 82 82 82 82 82 82 82 82 82 82 82 82 82 82 82 74 82 82 82 82 82 82 82 82 82 82 82 82 82 82 82 82 82 82 82 82 82 82 82 82 82 74 82 82 82 82 82 82 82 82 82 82
82 82 82 82 82 82 82 82 82 82 82 82 75 82 82 82 82 82 82 82 82 82 82 82 82 82 82 82 82 82 82 82 82 82 82 82 82 82 75 82 82 82 82 82 82 82 82 82 82 82 82 82 82 82 82 82 82 82 82 82 82 82
82 82 82 82 82 82 82 82 82 82 82 82 82 82 82 82 82 82 76 82 82 82 82 82 82 82 82 82 82 82 82 82 82 82 82 82 82 82 82 82 82 82 82 82 76 82 82 82 82 82 82 82 82 82 82 82 82 82 82 82 82 82
82 77 77 77 82 77 77 77 82 77 77 77 77 77 82 77 77 77 77 77 82 77 77 77 77 77 82 77 77 77 82 77 77 77 82 77 77 77 77 77 82 77 77 77 77 77 82 77 77 77 77 77 82 82 82 82 82 82 82 82 82 82
82 77 77 77 82 77 77 77 82 77 77 77 77 77 82 77 77 77 77 77 82 77 77 77 77 77 82 77 77 77 82 77 77 77 82 77 77 77 77 77 82 77 77 77 77 77 82 77 77 77 77 77 82 82 82 82 82 82 82 82 82 82
82 77 77 77 82 77 77 77 82 77 77 77 77 77 82 77 77 77 77 77 82 77 77 77 77 77 82 77 77 77 82 77 77 77 82 77 77 77 77 77 82 77 77 77 77 77 82 77 77 77 77 77 82 82 82 82 82 82 82 82 82 82
82 77 77 77 82 77 77 77 82 77 77 77 77 77 82 77 77 77 77 77 82 77 77 77 77 77 82 77 77 77 82 77 77 77 82 77 77 77 77 77 82 77 77 77 77 77 82 77 77 77 77 77 82 82 82 82 82 82 82 82 82 82
82 77 77 77 82 77 77 77 82 77 77 77 77 77 82 77 77 77 77 77 82 77 77 77 77 77 82 77 77 77 82 77 77 77 82 77 77 77 77 77 82 77 77 77 77 77 82 77 77 77 77 77 82 82 82 82 82 82 82 82 82 82
82 77 77 77 82 77 77 77 82 77 77 77 77 77 82 77 77 77 77 77 82 77 77 77 77 77 82 77 77 77 82 77 77 77 82 77 77 77 77 77 82 77 77 77 77 77 82 77 77 77 77 77 82 82 82 82 82 82 82 82 82 82
82 77 77 77 82 77 77 77 82 77 77 77 77 77 82 77 77 77 77 77 82 77 77 77 77 77 82 77 77 77 82 77 77 77 82 77 77 77 77 77 82 77 77 77 77 77 82 77 77 77 77 77 82 82 82 82 82 82 82 82 82 82
82 77 77 77 82 77 77 77 82 77 77 77 77 77 82 77 77 77 77 77 82 77 77 77 77 77 82 77 77 77 82 77 77 77 82 77 77 77 77 77 82 77 77 77 77 77 82 77 77 77 77 77 82 82 82 82 82 82 82 82 82 82
82 77 77 77 82 77 77 77 82 77 77 77 77 77 82 77 77 77 77 77 82 77 77 77 77 77 82 77 77 77 82 77 77 77 82 77 77 77 77 77 82 77 77 77 77 77 82 77 77 77 77 77 82 82 82 82 82 82 82 82 82 82
82 77 77 77 82 77 77 77 82 77 77 77 77 77 82 77 77 77 77 77 82 77 77 77 77 77 82 77 77 77 82 77 77 77 82 77 77 77 77 77 82 77 77 77 77 77 82 77 77 77 77 77 82 82 82 82 82 82 82 82 82 82
82 77 77 77 82 77 77 77 82 77 77 77 77 77 82 77 77 77 77 77 82 77 77 77 77 77 82 77 77 77 82 77 77 77 82 77 77 77 77 77 82 77 77 77 77 77 82 77 77 77 77 77 82 82 82 82 82 82 82 82 82 82
82 77 77 77 82 77 77 77 82 77 77 77 77 77 82 77 77 77 77 77 82 77 77 77 77 77 82 77 77 77 82 77 77 77 82 77 77 77 77 77 82 77 77 77 77 77 82 77 77 77 77 77 82 82 82 82 82 82 82 82 82 82
82 77 77 77 82 77 77 77 82 77 77 77 77 77 82 77 77 77 77 77 82 77 77 77 77 77 82 77 77 77 82 77 77 77 82 77 77 77 77 77 82 77 77 77 77 77 82 77 77 77 77 77 82 82 82 82 82 82 82 82 82 82
82 77 77 77 82 77 77 77 82 77 77 77 77 77 82 77 77 77 77 77 82 77 77 77 77 77 82 77 77 77 82 77 77 77 82 77 77 77 77 77 82 77 77 77 77 77 82 77 77 77 77 77 82 82 82 82 82 82 82 82 82 82
82 77 77 77 82 77 77 77 82 77 77 77 77 77 82 77 77 77 77 77 82 77 77 77 77 77 82 77 77 77 82 77 77 77 82 77 77 77 77 77 82 77 77 77 77 77 82 77 77 77 77 77 82 82 82 82 82 82 82 82 82 82
82 77 77 77 82 77 77 77 82 77 77 77 77 77 82 77 77 77 77 77 82 77 77 77 77 77 82 77 77 77 82 77 77 77 82 77 77 77 77 77 82 77 77 77 77 77 82 77 77 77 77 77 82 82 82 82 82 82 82 82 82 82
82 77 77 77 82 77 77 77 82 77 77 77 77 77 82 77 77 77 77 77 82 77 77 77 77 77 82 77 77 77 82 77 77 77 82 77 77 77 77 77 82 77 77 77 77 77 82 77 77 77 77 77 82 82 82 82 82 82 82 82 82 82
82 77 77 77 82 77 77 77 82 77 77 77 77 77 82 77 77 77 77 77 82 77 77 77 77 77 82 77 77 77 82 77 77 77 82 77 77 77 77 77 82 77 77 77 77 77 82 77 77 77 77 77 82 82 82 82 82 82 82 82 82 82
82 77 77 77 82 77 77 77 82 77 77 77 77 77 82 77 77 77 77 77 82 77 77 77 77 77 82 77 77 77 82 77 77 77 82 77 77 77 77 77 82 77 77 77 77 77 82 77 77 77 77 77 82 82 82 82 82 82 82 82 82 82
82 77 77 77 82 77 77 77 82 77 77 77 77 77 82 77 77 77 77 77 82 77 77 77 77 77 82 77 77 77 82 77 77 77 82 77 77 77 77 77 82 77 77 77 77 77 82 77 77 77 77 77 82 82 82 82 82 82 82 82 82 82
82 77 77 77 82 77 77 77 82 77 77 77 77 77 82 77 77 77 77 77 82 77 77 77 77 77 82 77 77 77 82 77 77 77 82 77 77 77 77 77 82 77 77 77 77 77 82 77 77 77 77 77 82 82 82 82 82 82 82 82 82 82
82 77 77 77 82 77 77 77 82 77 77 77 77 77 82 77 77 77 77 77 82 77 77 77 77 77 82 77 77 77 82 77 77 77 82 77 77 77 77 77 82 77 77 77 77 77 82 77 77 77 77 77 82 82 82 82 82 82 82 82 82 82
82 77 77 77 82 77 77 77 82 77 77 77 77 77 82 77 77 77 77 77 82 77 77 77 77 77 82 77 77 77 82 77 77 77 82 77 77 77 77 77 82 77 77 77 77 77 82 77 77 77 77 77 82 82 82 82 82 82 82 82 82 82
82 77 77 77 82 77 77 77 82 77 77 77 77 77 82 77 77 77 77 77 82 77 77 77 77 77 82 77 77 77 82 77 77 77 82 77 77 77 77 77 82 77 77 77 77 77 82 77 77 77 77 77 82 82 82 82 82 82 82 82 82 82
82 77 77 77 82 77 77 77 82 77 77 77 77 77 82 77 77 77 77 77 82 77 77 77 77 77 82 77 77 77 82 77 77 77 82 77 77 77 77 77 82 77 77 77 77 77 82 77 77 77 77 77 82 82 82 82 82 82 82 82 82 82
82 77 77 77 82 77 77 77 82 77 77 77 77 77 82 77 77 77 77 77 82 77 77 77 77 77 82 77 77 77 82 77 77 77 82 77 77 77 77 77 82 77 77 77 77 77 82 77 77 77 77 77 82 82 82 82 82 82 82 82 82 82
82 77 77 77 82 77 77 77 82 77 77 77 77 77 82 77 77 77 77 77 82 77 77 77 77 77 82 77 77 77 82 77 77 77 82 77 77 77 77 77 82 77 77 77 77 77 82 77 77 77 77 77 82 82 82 82 82 82 82 82 82 82
82 77 77 77 82 77 77 77 82 77 77 77 77 77 82 77 77 77 77 77 82 77 77 77 77 77 82 77 77 77 82 77 77 77 82 77 77 77 77 77 82 77 77 77 77 77 82 77 77 77 77 77 82 82 82 82 82 82 82 82 82 82
82 77 77 77 82 77 77 77 82 77 77 77 77 77 82 77 77 77 77 77 82 77 77 77 77 77 82 77 77 77 82 77 77 77 82 77 77 77 77 77 82 77 77 77 77 77 82 77 77 77 77 77 82 82 82 82 82 82 82 82 82 82
82 77 77 77 82 77 77 77 82 77 77 77 77 77 82 77 77 77 77 77 82 77 77 77 77 77 82 77 77 77 82 77 77 77 82 77 77 77 77 77 82 77 77 77 77 77 82 77 77 77 77 77 82 82 82 82 82 82 82 82 82 82
82 77 77 77 82 77 77 77 82 77 77 77 77 77 82 77 77 77 77 77 82 77 77 77 77 77 82 77 77 77 82 77 77 77 82 77 77 77 77 77 82 77 77 77 77 77 82 77 77 77 77 77 82 82 82 82 82 82 82 82 82 82
82 78 78 78 82 78 78 78 82 78 78 78 78 78 82 78 78 78 78 78 82 78 78 78 78 78 82 78 78 78 82 78 78 78 82 78 78 78 78 78 82 78 78 78 78 78 82 78 78 78 78 78 82 82 82 82 82 82 82 82 82 82
82 79 79 79 82 79 79 79 82 79 79 79 79 79 82 79 79 79 79 79 82 79 79 79 79 79 82 79 79 79 82 79 79 79 82 79 79 79 79 79 82 79 79 79 79 79 82 79 79 79 79 79 82 82 82 82 82 82 82 82 82 82
80 80 80 80 80 80 80 80 80 80 82 82 82 82 82 82 82 82 82 82 82 82 82 82 82 82 80 80 80 80 80 80 80 80 80 80 82 82 82 82 82 82 82 82 82 82 82 82 82 82 82 82 80 80 80 80 80 80 80 80 80 80
82 82 82 82 82 82 82 82 82 82 82 82 82 82 82 82 82 82 82 82 82 82 82 82 82 82 82 82 82 82 82 82 82 82 82 82 82 82 82 82 82 82 82 82 82 82 82 82 82 82 82 82 81 81 81 81 81 81 81 81 81 81
82 82 82 82 82 82 82 82 82 82 82 82 82 82 82 82 82 82 82 82 82 82 82 82 82 82 82 82 82 82 82 82 82 82 82 82 82 82 82 82 82 82 82 82 82 82 82 82 82 82 82 82 82 82 82 82 82 82 82 82 82 82
82 82 82 82 82 82 82 82 82 82 82 82 82 82 82 82 82 82 82 82 82 82 82 82 82 82 82 82 82 82 82 82 82 82 82 82 82 82 82 82 82 82 82 82 82 82 82 82 82 82 82 82 82 82 82 82 82 82 82 82 82 82